Detailed output for debugging simple Hartree-Fock code with gradient calculation.
 
The system contains   2 atoms, and:   2 electrons in   1 orbitals.
The Overlap Matrix S:
   1      1.000000      0.658292      0.454582      0.508779
   2      0.658292      1.000000      0.508779      0.853823
   3      0.454582      0.508779      1.000000      0.658292
   4      0.508779      0.853823      0.658292      1.000000
Eigenvalues of the Overlap Matrix S:
   1 -    4      0.096393      0.470183      0.595202      2.838222
Inverse Square Root of Overlap Matrix S^-1/2:
   1      1.293578     -0.501560     -0.194707      0.075354
   2     -0.501560      1.990935      0.075354     -1.037863
   3     -0.194707      0.075354      1.293578     -0.501560
   4      0.075354     -1.037863     -0.501560      1.990935
Core Hamiltonian:
   1     -0.959975     -0.920918     -0.807736     -0.778593
   2     -0.920918     -0.926935     -0.778593     -0.854540
   3     -0.807736     -0.778593     -0.959975     -0.920918
   4     -0.778593     -0.854540     -0.920918     -0.926935
Core Hamiltonian in Orthogonal Basis:
   1     -0.491567     -0.484400     -0.374669     -0.052680
   2     -0.484400     -0.388004     -0.052680     -0.170601
   3     -0.374669     -0.052680     -0.491567     -0.484400
   4     -0.052680     -0.170601     -0.484400     -0.388004
Eigenvalues of the core hamiltonian:
   1 -    4     -1.271093     -0.601785     -0.153748      0.267484
Associated eigenvectors / orbital coefficients:
   1     -0.439069     -0.165008     -0.439069     -0.165008
   2     -0.395125     -1.328284      0.395125      1.328284
   3      0.708380     -0.719563      0.708380     -0.719563
   4     -1.057254      1.728839      1.057254     -1.728839
First Density matrix:
   1      0.385563      0.144900      0.385563      0.144900
   2      0.144900      0.054455      0.144900      0.054455
   3      0.385563      0.144900      0.385563      0.144900
   4      0.144900      0.054455      0.144900      0.054455
**** Starting the SCF procedure ****
*** SCF Cycle ***           1
Current Fock matrix: F(  1)
   1      0.010039     -0.463797     -0.560658     -0.480965
   2     -0.463797     -0.266829     -0.480965     -0.307889
   3     -0.560658     -0.480965      0.010039     -0.463797
   4     -0.480965     -0.307889     -0.463797     -0.266829
Eigenvalues of this Matrix, i.e. orbital energies:
   1 -    4     -0.539334      0.271950      0.800471      1.482938
Following set of orbital coefficients: C(  2)
   1     -0.344793     -0.255747     -0.344793     -0.255747
   2     -0.096971     -1.743438      0.096971      1.743438
   3      0.758750     -0.692526      0.758750     -0.692526
   4     -1.124503      1.309065      1.124503     -1.309065
Resulting density matrix: P(  2)
   1      0.237765      0.176359      0.237765      0.176359
   2      0.176359      0.130813      0.176359      0.130813
   3      0.237765      0.176359      0.237765      0.176359
   4      0.176359      0.130813      0.176359      0.130813
Cycle:    1 Delta P, Eelec, Etot:       0.1477983752     -1.7884790759     -1.0741469877
*** SCF Cycle ***           2
Current Fock matrix: F(  2)
   1     -0.029582     -0.500497     -0.559695     -0.509546
   2     -0.500497     -0.327607     -0.509546     -0.365143
   3     -0.559695     -0.509546     -0.029582     -0.500497
   4     -0.509546     -0.365143     -0.500497     -0.327607
Eigenvalues of this Matrix, i.e. orbital energies:
   1 -    4     -0.587541      0.243838      0.780504      1.416459
Following set of orbital coefficients: C(  3)
   1     -0.329512     -0.269580     -0.329512     -0.269580
   2     -0.118568     -1.717953      0.118568      1.717953
   3      0.765511     -0.687259      0.765511     -0.687259
   4     -1.122431      1.342335      1.122431     -1.342335
Resulting density matrix: P(  3)
   1      0.217156      0.177659      0.217156      0.177659
   2      0.177659      0.145347      0.177659      0.145347
   3      0.217156      0.177659      0.217156      0.177659
   4      0.177659      0.145347      0.177659      0.145347
Cycle:    2 Delta P, Eelec, Etot:       0.0206090630     -1.8397804836     -1.1254483954
*** SCF Cycle ***           3
Current Fock matrix: F(  3)
   1     -0.035661     -0.505524     -0.559046     -0.513257
   2     -0.505524     -0.336683     -0.513257     -0.373631
   3     -0.559046     -0.513257     -0.035661     -0.505524
   4     -0.513257     -0.373631     -0.505524     -0.336683
Eigenvalues of this Matrix, i.e. orbital energies:
   1 -    4     -0.594390      0.239101      0.775950      1.405333
Following set of orbital coefficients: C(  4)
   1     -0.327208     -0.271645     -0.327208     -0.271645
   2     -0.122167     -1.713640      0.122167      1.713640
   3      0.766498     -0.686445      0.766498     -0.686445
   4     -1.122045      1.347837      1.122045     -1.347837
Resulting density matrix: P(  4)
   1      0.214131      0.177769      0.214131      0.177769
   2      0.177769      0.147582      0.177769      0.147582
   3      0.214131      0.177769      0.214131      0.177769
   4      0.177769      0.147582      0.177769      0.147582
Cycle:    3 Delta P, Eelec, Etot:       0.0030251237     -1.8410464171     -1.1267143290
*** SCF Cycle ***           4
Current Fock matrix: F(  4)
   1     -0.036567     -0.506259     -0.558937     -0.513795
   2     -0.506259     -0.338031     -0.513795     -0.374890
   3     -0.558937     -0.513795     -0.036567     -0.506259
   4     -0.513795     -0.374890     -0.506259     -0.338031
Eigenvalues of this Matrix, i.e. orbital energies:
   1 -    4     -0.595399      0.238384      0.775235      1.403651
Following set of orbital coefficients: C(  5)
   1     -0.326865     -0.271952     -0.326865     -0.271952
   2      0.122711      1.712986     -0.122711     -1.712986
   3     -0.766644      0.686324     -0.766644      0.686324
   4     -1.121986      1.348667      1.121986     -1.348667
Resulting density matrix: P(  5)
   1      0.213682      0.177784      0.213682      0.177784
   2      0.177784      0.147916      0.177784      0.147916
   3      0.213682      0.177784      0.213682      0.177784
   4      0.177784      0.147916      0.177784      0.147916
Cycle:    4 Delta P, Eelec, Etot:       0.0004490653     -1.8410748884     -1.1267428003
*** SCF Cycle ***           5
Current Fock matrix: F(  5)
   1     -0.036702     -0.506368     -0.558920     -0.513874
   2     -0.506368     -0.338231     -0.513874     -0.375078
   3     -0.558920     -0.513874     -0.036702     -0.506368
   4     -0.513874     -0.375078     -0.506368     -0.338231
Eigenvalues of this Matrix, i.e. orbital energies:
   1 -    4     -0.595548      0.238278      0.775128      1.403400
Following set of orbital coefficients: C(  6)
   1     -0.326814     -0.271998     -0.326814     -0.271998
   2      0.122792      1.712888     -0.122792     -1.712888
   3     -0.766666      0.686306     -0.766666      0.686306
   4     -1.121977      1.348791      1.121977     -1.348791
Resulting density matrix: P(  6)
   1      0.213615      0.177786      0.213615      0.177786
   2      0.177786      0.147966      0.177786      0.147966
   3      0.213615      0.177786      0.213615      0.177786
   4      0.177786      0.147966      0.177786      0.147966
Cycle:    5 Delta P, Eelec, Etot:       0.0000667796     -1.8410755200     -1.1267434318
*** SCF Cycle ***           6
Current Fock matrix: F(  6)
   1     -0.036722     -0.506385     -0.558918     -0.513886
   2     -0.506385     -0.338261     -0.513886     -0.375105
   3     -0.558918     -0.513886     -0.036722     -0.506385
   4     -0.513886     -0.375105     -0.506385     -0.338261
Eigenvalues of this Matrix, i.e. orbital energies:
   1 -    4     -0.595571      0.238262      0.775112      1.403363
Following set of orbital coefficients: C(  7)
   1     -0.326807     -0.272005     -0.326807     -0.272005
   2      0.122804      1.712874     -0.122804     -1.712874
   3     -0.766669      0.686303     -0.766669      0.686303
   4     -1.121976      1.348810      1.121976     -1.348810
Resulting density matrix: P(  7)
   1      0.213605      0.177786      0.213605      0.177786
   2      0.177786      0.147973      0.177786      0.147973
   3      0.213605      0.177786      0.213605      0.177786
   4      0.177786      0.147973      0.177786      0.147973
Cycle:    6 Delta P, Eelec, Etot:       0.0000099333     -1.8410755340     -1.1267434458
*** SCF Cycle ***           7
Current Fock matrix: F(  7)
   1     -0.036725     -0.506387     -0.558918     -0.513888
   2     -0.506387     -0.338265     -0.513888     -0.375110
   3     -0.558918     -0.513888     -0.036725     -0.506387
   4     -0.513888     -0.375110     -0.506387     -0.338265
Eigenvalues of this Matrix, i.e. orbital energies:
   1 -    4     -0.595574      0.238259      0.775110      1.403357
Following set of orbital coefficients: C(  8)
   1     -0.326805     -0.272006     -0.326805     -0.272006
   2      0.122806      1.712872     -0.122806     -1.712872
   3     -0.766670      0.686302     -0.766670      0.686302
   4     -1.121976      1.348812      1.121976     -1.348812
Resulting density matrix: P(  8)
   1      0.213604      0.177786      0.213604      0.177786
   2      0.177786      0.147974      0.177786      0.147974
   3      0.213604      0.177786      0.213604      0.177786
   4      0.177786      0.147974      0.177786      0.147974
Cycle:    7 Delta P, Eelec, Etot:       0.0000014776     -1.8410755343     -1.1267434461
*** SCF Cycle ***           8
Current Fock matrix: F(  8)
   1     -0.036726     -0.506387     -0.558918     -0.513888
   2     -0.506387     -0.338266     -0.513888     -0.375110
   3     -0.558918     -0.513888     -0.036726     -0.506387
   4     -0.513888     -0.375110     -0.506387     -0.338266
Eigenvalues of this Matrix, i.e. orbital energies:
   1 -    4     -0.595574      0.238259      0.775109      1.403356
Following set of orbital coefficients: C(  9)
   1     -0.326805     -0.272006     -0.326805     -0.272006
   2      0.122806      1.712872     -0.122806     -1.712872
   3     -0.766670      0.686302     -0.766670      0.686302
   4     -1.121976      1.348813      1.121976     -1.348813
Resulting density matrix: P(  9)
   1      0.213603      0.177786      0.213603      0.177786
   2      0.177786      0.147975      0.177786      0.147975
   3      0.213603      0.177786      0.213603      0.177786
   4      0.177786      0.147975      0.177786      0.147975
Cycle:    8 Delta P, Eelec, Etot:       0.0000002198     -1.8410755343     -1.1267434461
SCF procedure converged, with final energy:     -1.1267434461
Converged orbital eigenvalues:
   1 -    4     -0.595574      0.238259      0.775109      1.403356
Converged orbital coefficients (orbital by orbital):
   1     -0.326805     -0.272006     -0.326805     -0.272006
   2      0.122806      1.712872     -0.122806     -1.712872
   3     -0.766670      0.686302     -0.766670      0.686302
   4     -1.121976      1.348813      1.121976     -1.348813
Final Fock matrix:
   1     -0.036726     -0.506387     -0.558918     -0.513888
   2     -0.506387     -0.338266     -0.513888     -0.375110
   3     -0.558918     -0.513888     -0.036726     -0.506387
   4     -0.513888     -0.375110     -0.506387     -0.338266
Final density matrix:
   1      0.213603      0.177786      0.213603      0.177786
   2      0.177786      0.147975      0.177786      0.147975
   3      0.213603      0.177786      0.213603      0.177786
   4      0.177786      0.147975      0.177786      0.147975
Overall Energy Gradient
H     0.00000000    0.00000000   -0.00814295
H     0.00000000    0.00000000    0.00814295
Contributions to the overall energy gradient:
Gradient due to the overlap (Lagrangian) term:
H     0.00000000    0.00000000    0.23394664
H     0.00000000    0.00000000   -0.23394664
Gradient due to the kinetic energy term:
H     0.00000000    0.00000000    0.35019484
H     0.00000000    0.00000000   -0.35019484
Gradient due to the electron-nucleus Coulomb energy term:
H     0.00000000    0.00000000   -1.45231068
H     0.00000000    0.00000000    1.45231068
Gradient due to the two-electron Coulomb repulsion term:
H     0.00000000    0.00000000    0.34975591
H     0.00000000    0.00000000   -0.34975591
Gradient due to the nuclear repulsion term:
H     0.00000000    0.00000000    0.51027033
H     0.00000000    0.00000000   -0.51027033
For control purposes: difference between sum of above 5 terms and total Gradient:
H     0.00000000    0.00000000    0.00000000
H     0.00000000    0.00000000    0.00000000
