Detailed output for debugging simple Hartree-Fock code with gradient calculation.
 
The system contains   4 atoms, and:   4 electrons in   2 orbitals.
The Overlap Matrix S:
   1      1.000000      0.659350      0.119217      0.095490
   2      0.659350      1.000000      0.095490      0.119217
   3      0.119217      0.095490      1.000000      0.659350
   4      0.095490      0.119217      0.659350      1.000000
Eigenvalues of the Overlap Matrix S:
   1 -    4      0.316924      0.364377      1.444643      1.874056
Inverse Square Root of Overlap Matrix S^-1/2:
   1      1.248856     -0.467620     -0.055303      0.004547
   2     -0.467620      1.248856      0.004547     -0.055303
   3     -0.055303      0.004547      1.248856     -0.467620
   4      0.004547     -0.055303     -0.467620      1.248856
Core Hamiltonian:
   1     -1.632999     -1.300379     -0.242346     -0.201827
   2     -1.300379     -1.632999     -0.201827     -0.242346
   3     -0.242346     -0.201827     -1.632999     -1.300379
   4     -0.201827     -0.242346     -1.300379     -1.632999
Core Hamiltonian in Orthogonal Basis:
   1     -1.367762     -0.394901     -0.045395      0.005791
   2     -0.394901     -1.367762      0.005791     -0.045395
   3     -0.045395      0.005791     -1.367762     -0.394901
   4      0.005791     -0.045395     -0.394901     -1.367762
Eigenvalues of the core hamiltonian:
   1 -    4     -1.802268     -1.723059     -1.024047     -0.921675
Associated eigenvectors / orbital coefficients:
   1      0.365240      0.365240      0.365240      0.365240
   2      0.415997      0.415997     -0.415997     -0.415997
   3      0.828313     -0.828313      0.828313     -0.828313
   4      0.888163     -0.888163     -0.888163      0.888163
First Density matrix:
   1      0.612907      0.612907     -0.079305     -0.079305
   2      0.612907      0.612907     -0.079305     -0.079305
   3     -0.079305     -0.079305      0.612907      0.612907
   4     -0.079305     -0.079305      0.612907      0.612907
**** Starting the SCF procedure ****
*** SCF Cycle ***           1
Current Fock matrix: F(  1)
   1     -0.367022     -0.595916     -0.103776     -0.097414
   2     -0.595916     -0.367022     -0.097414     -0.103776
   3     -0.103776     -0.097414     -0.367022     -0.595916
   4     -0.097414     -0.103776     -0.595916     -0.367022
Eigenvalues of this Matrix, i.e. orbital energies:
   1 -    4     -0.621181     -0.527291      0.610719      0.742312
Following set of orbital coefficients: C(  2)
   1      0.365240      0.365240      0.365240      0.365240
   2      0.415997      0.415997     -0.415997     -0.415997
   3     -0.828313      0.828313     -0.828313      0.828313
   4      0.888163     -0.888163     -0.888163      0.888163
Resulting density matrix: P(  2)
   1      0.612907      0.612907     -0.079305     -0.079305
   2      0.612907      0.612907     -0.079305     -0.079305
   3     -0.079305     -0.079305      0.612907      0.612907
   4     -0.079305     -0.079305      0.612907      0.612907
Cycle:    1 Delta P, Eelec, Etot:       0.0000000000     -4.6737990826     -2.2197272105
*** SCF Cycle ***           2
Current Fock matrix: F(  2)
   1     -0.367022     -0.595916     -0.103776     -0.097414
   2     -0.595916     -0.367022     -0.097414     -0.103776
   3     -0.103776     -0.097414     -0.367022     -0.595916
   4     -0.097414     -0.103776     -0.595916     -0.367022
Eigenvalues of this Matrix, i.e. orbital energies:
   1 -    4     -0.621181     -0.527291      0.610719      0.742312
Following set of orbital coefficients: C(  3)
   1      0.365240      0.365240      0.365240      0.365240
   2      0.415997      0.415997     -0.415997     -0.415997
   3     -0.828313      0.828313     -0.828313      0.828313
   4      0.888163     -0.888163     -0.888163      0.888163
Resulting density matrix: P(  3)
   1      0.612907      0.612907     -0.079305     -0.079305
   2      0.612907      0.612907     -0.079305     -0.079305
   3     -0.079305     -0.079305      0.612907      0.612907
   4     -0.079305     -0.079305      0.612907      0.612907
Cycle:    2 Delta P, Eelec, Etot:       0.0000000000     -4.6737990826     -2.2197272105
SCF procedure converged, with final energy:     -2.2197272105
Converged orbital eigenvalues:
   1 -    4     -0.621181     -0.527291      0.610719      0.742312
Converged orbital coefficients (orbital by orbital):
   1      0.365240      0.365240      0.365240      0.365240
   2      0.415997      0.415997     -0.415997     -0.415997
   3     -0.828313      0.828313     -0.828313      0.828313
   4      0.888163     -0.888163     -0.888163      0.888163
Final Fock matrix:
   1     -0.367022     -0.595916     -0.103776     -0.097414
   2     -0.595916     -0.367022     -0.097414     -0.103776
   3     -0.103776     -0.097414     -0.367022     -0.595916
   4     -0.097414     -0.103776     -0.595916     -0.367022
Final density matrix:
   1      0.612907      0.612907     -0.079305     -0.079305
   2      0.612907      0.612907     -0.079305     -0.079305
   3     -0.079305     -0.079305      0.612907      0.612907
   4     -0.079305     -0.079305      0.612907      0.612907
Overall Energy Gradient
H     0.01215852    0.00000000   -0.03371530
H     0.01215852    0.00000000    0.03371530
H    -0.01215852    0.00000000   -0.03371530
H    -0.01215852    0.00000000    0.03371530
Contributions to the overall energy gradient:
Gradient due to the overlap (Lagrangian) term:
H    -0.00617600    0.00000000    0.24013382
H    -0.00617600    0.00000000   -0.24013382
H     0.00617600    0.00000000    0.24013382
H     0.00617600    0.00000000   -0.24013382
Gradient due to the kinetic energy term:
H    -0.00138104    0.00000000    0.38636520
H    -0.00138104    0.00000000   -0.38636520
H     0.00138104    0.00000000    0.38636520
H     0.00138104    0.00000000   -0.38636520
Gradient due to the electron-nucleus Coulomb energy term:
H    -0.19434176    0.00000000   -1.80969472
H    -0.19434176    0.00000000    1.80969472
H     0.19434176    0.00000000   -1.80969472
H     0.19434176    0.00000000    1.80969472
Gradient due to the two-electron Coulomb repulsion term:
H     0.08632184    0.00000000    0.61782749
H     0.08632184    0.00000000   -0.61782749
H    -0.08632184    0.00000000    0.61782749
H    -0.08632184    0.00000000   -0.61782749
Gradient due to the nuclear repulsion term:
H     0.12773549    0.00000000    0.53165292
H     0.12773549    0.00000000   -0.53165292
H    -0.12773549    0.00000000    0.53165292
H    -0.12773549    0.00000000   -0.53165292
For control purposes: difference between sum of above 5 terms and total Gradient:
H     0.00000000    0.00000000    0.00000000
H     0.00000000    0.00000000    0.00000000
H     0.00000000    0.00000000    0.00000000
H     0.00000000    0.00000000    0.00000000
