Detailed output for debugging simple Hartree-Fock code with gradient calculation.
 
The system contains   2 atoms, and:   2 electrons in   1 orbitals.
The Overlap Matrix S:
   1      1.000000      0.634148      0.208858      0.299353
   2      0.634148      1.000000      0.456297      0.689185
   3      0.208858      0.456297      1.000000      0.658292
   4      0.299353      0.689185      0.658292      1.000000
Eigenvalues of the Overlap Matrix S:
   1 -    4      0.185978      0.390004      0.919805      2.504213
Inverse Square Root of Overlap Matrix S^-1/2:
   1      1.235124     -0.499269     -0.015302      0.075175
   2     -0.499269      1.590992     -0.081043     -0.547578
   3     -0.015302     -0.081043      1.252347     -0.436046
   4      0.075175     -0.547578     -0.436046      1.516246
Core Hamiltonian:
   1     -2.467545     -1.918342     -0.760956     -0.988498
   2     -1.918342     -1.845918     -1.025665     -1.269744
   3     -0.760956     -1.025665     -1.428438     -1.235182
   4     -0.988498     -1.269744     -1.235182     -1.372702
Core Hamiltonian in Orthogonal Basis:
   1     -1.938933     -0.947570     -0.175218     -0.125687
   2     -0.947570     -0.895763     -0.165603     -0.256813
   3     -0.175218     -0.165603     -1.035337     -0.477571
   4     -0.125687     -0.256813     -0.477571     -0.760458
Eigenvalues of the core hamiltonian:
   1 -    4     -2.592567     -1.320696     -0.460841     -0.256387
Associated eigenvectors / orbital coefficients:
   1     -0.771368     -0.279087     -0.120010      0.030357
   2     -0.326307     -0.261934      0.711814      0.526036
   3      0.523496     -0.580285      1.012200     -0.916726
   4      0.897304     -1.613600     -0.468701      1.294839
First Density matrix:
   1      1.190017      0.430558      0.185144     -0.046833
   2      0.430558      0.155779      0.066987     -0.016945
   3      0.185144      0.066987      0.028805     -0.007286
   4     -0.046833     -0.016945     -0.007286      0.001843
**** Starting the SCF procedure ****
*** SCF Cycle ***           1
Current Fock matrix: F(  1)
   1     -1.057297     -1.290951     -0.634772     -0.749083
   2     -1.290951     -0.856791     -0.610490     -0.641590
   3     -0.634772     -0.610490     -0.377345     -0.627450
   4     -0.749083     -0.641590     -0.627450     -0.584572
Eigenvalues of this Matrix, i.e. orbital energies:
   1 -    4     -1.420652     -0.324186      0.449991      1.150018
Following set of orbital coefficients: C(  2)
   1     -0.608573     -0.405672     -0.180942     -0.005334
   2     -0.231800     -0.635068      0.392262      0.976602
   3     -0.000684      0.099889      1.255768     -1.212477
   4     -1.164729      1.584006      0.041823     -0.608893
Resulting density matrix: P(  2)
   1      0.740723      0.493763      0.220233      0.006493
   2      0.493763      0.329140      0.146806      0.004328
   3      0.220233      0.146806      0.065480      0.001930
   4      0.006493      0.004328      0.001930      0.000057
Cycle:    1 Delta P, Eelec, Etot:       0.4492936858     -3.9580990697     -2.7821497122
*** SCF Cycle ***           2
Current Fock matrix: F(  2)
   1     -1.141648     -1.367891     -0.689588     -0.810229
   2     -1.367891     -0.977268     -0.680535     -0.726094
   3     -0.689588     -0.680535     -0.421017     -0.679324
   4     -0.810229     -0.726094     -0.679324     -0.640675
Eigenvalues of this Matrix, i.e. orbital energies:
   1 -    4     -1.534694     -0.322417      0.458188      1.071615
Following set of orbital coefficients: C(  3)
   1     -0.597431     -0.408045     -0.186580     -0.014018
   2     -0.244552     -0.633305      0.399575      0.964695
   3      0.020398      0.078528      1.251910     -1.209611
   4     -1.167708      1.585305      0.059664     -0.632960
Resulting density matrix: P(  3)
   1      0.713848      0.487558      0.222938      0.016750
   2      0.487558      0.333002      0.152266      0.011440
   3      0.222938      0.152266      0.069625      0.005231
   4      0.016750      0.011440      0.005231      0.000393
Cycle:    2 Delta P, Eelec, Etot:       0.0268755036     -4.0784954607     -2.9025461032
*** SCF Cycle ***           3
Current Fock matrix: F(  3)
   1     -1.147878     -1.372300     -0.693829     -0.814760
   2     -1.372300     -0.985370     -0.686053     -0.732725
   3     -0.693829     -0.686053     -0.424334     -0.683902
   4     -0.814760     -0.732725     -0.683902     -0.645501
Eigenvalues of this Matrix, i.e. orbital energies:
   1 -    4     -1.542499     -0.322090      0.459904      1.063644
Following set of orbital coefficients: C(  4)
   1     -0.596944     -0.406907     -0.187241     -0.015870
   2     -0.246559     -0.632796      0.399775      0.963692
   3      0.023127      0.075287      1.251628     -1.208586
   4     -1.167484      1.585958      0.062127     -0.636394
Resulting density matrix: P(  4)
   1      0.712684      0.485801      0.223544      0.018947
   2      0.485801      0.331147      0.152379      0.012915
   3      0.223544      0.152379      0.070118      0.005943
   4      0.018947      0.012915      0.005943      0.000504
Cycle:    3 Delta P, Eelec, Etot:       0.0021968565     -4.0792310554     -2.9032816978
*** SCF Cycle ***           4
Current Fock matrix: F(  4)
   1     -1.148365     -1.372544     -0.694325     -0.815242
   2     -1.372544     -0.985878     -0.686561     -0.733322
   3     -0.694325     -0.686561     -0.424585     -0.684373
   4     -0.815242     -0.733322     -0.684373     -0.645990
Eigenvalues of this Matrix, i.e. orbital energies:
   1 -    4     -1.543092     -0.321945      0.460231      1.062902
Following set of orbital coefficients: C(  5)
   1     -0.596954     -0.406562     -0.187363     -0.016259
   2     -0.246829     -0.632848      0.399682      0.963681
   3      0.023493      0.074773      1.251620     -1.208360
   4     -1.167414      1.586050      0.062515     -0.636829
Resulting density matrix: P(  5)
   1      0.712709      0.485398      0.223695      0.019411
   2      0.485398      0.330585      0.152349      0.013220
   3      0.223695      0.152349      0.070210      0.006093
   4      0.019411      0.013220      0.006093      0.000529
Cycle:    4 Delta P, Eelec, Etot:       0.0005617324     -4.0792410112     -2.9032916537
*** SCF Cycle ***           5
Current Fock matrix: F(  5)
   1     -1.148419     -1.372554     -0.694410     -0.815317
   2     -1.372554     -0.985913     -0.686632     -0.733400
   3     -0.694410     -0.686632     -0.424610     -0.684444
   4     -0.815317     -0.733400     -0.684444     -0.646061
Eigenvalues of this Matrix, i.e. orbital energies:
   1 -    4     -1.543156     -0.321906      0.460301      1.062801
Following set of orbital coefficients: C(  6)
   1     -0.596964     -0.406481     -0.187391     -0.016341
   2     -0.246877     -0.632871      0.399652      0.963694
   3      0.023559      0.074670      1.251622     -1.208309
   4     -1.167398      1.586067      0.062592     -0.636905
Resulting density matrix: P(  6)
   1      0.712731      0.485308      0.223731      0.019510
   2      0.485308      0.330453      0.152342      0.013284
   3      0.223731      0.152342      0.070231      0.006124
   4      0.019510      0.013284      0.006124      0.000534
Cycle:    5 Delta P, Eelec, Etot:       0.0001319128     -4.0792413988     -2.9032920412
*** SCF Cycle ***           6
Current Fock matrix: F(  6)
   1     -1.148427     -1.372553     -0.694428     -0.815332
   2     -1.372553     -0.985916     -0.686645     -0.733413
   3     -0.694428     -0.686645     -0.424614     -0.684457
   4     -0.815332     -0.733413     -0.684457     -0.646074
Eigenvalues of this Matrix, i.e. orbital energies:
   1 -    4     -1.543166     -0.321897      0.460317      1.062782
Following set of orbital coefficients: C(  7)
   1     -0.596966     -0.406463     -0.187398     -0.016358
   2     -0.246887     -0.632876      0.399645      0.963698
   3      0.023573      0.074647      1.251622     -1.208297
   4     -1.167395      1.586070      0.062609     -0.636920
Resulting density matrix: P(  7)
   1      0.712737      0.485289      0.223740      0.019531
   2      0.485289      0.330424      0.152340      0.013298
   3      0.223740      0.152340      0.070236      0.006131
   4      0.019531      0.013298      0.006131      0.000535
Cycle:    6 Delta P, Eelec, Etot:       0.0000294445     -4.0792414171     -2.9032920595
*** SCF Cycle ***           7
Current Fock matrix: F(  7)
   1     -1.148429     -1.372553     -0.694432     -0.815335
   2     -1.372553     -0.985916     -0.686648     -0.733416
   3     -0.694432     -0.686648     -0.424615     -0.684460
   4     -0.815335     -0.733416     -0.684460     -0.646076
Eigenvalues of this Matrix, i.e. orbital energies:
   1 -    4     -1.543167     -0.321895      0.460320      1.062778
Following set of orbital coefficients: C(  8)
   1     -0.596967     -0.406459     -0.187399     -0.016362
   2     -0.246889     -0.632878      0.399643      0.963699
   3      0.023576      0.074642      1.251622     -1.208295
   4     -1.167394      1.586071      0.062612     -0.636924
Resulting density matrix: P(  8)
   1      0.712738      0.485284      0.223742      0.019535
   2      0.485284      0.330417      0.152340      0.013301
   3      0.223742      0.152340      0.070237      0.006132
   4      0.019535      0.013301      0.006132      0.000535
Cycle:    7 Delta P, Eelec, Etot:       0.0000064977     -4.0792414180     -2.9032920604
*** SCF Cycle ***           8
Current Fock matrix: F(  8)
   1     -1.148429     -1.372553     -0.694433     -0.815335
   2     -1.372553     -0.985916     -0.686649     -0.733417
   3     -0.694433     -0.686649     -0.424615     -0.684461
   4     -0.815335     -0.733417     -0.684461     -0.646077
Eigenvalues of this Matrix, i.e. orbital energies:
   1 -    4     -1.543168     -0.321894      0.460321      1.062777
Following set of orbital coefficients: C(  9)
   1     -0.596967     -0.406458     -0.187399     -0.016363
   2     -0.246889     -0.632878      0.399643      0.963699
   3      0.023577      0.074640      1.251622     -1.208294
   4     -1.167394      1.586071      0.062613     -0.636925
Resulting density matrix: P(  9)
   1      0.712739      0.485283      0.223743      0.019536
   2      0.485283      0.330416      0.152340      0.013302
   3      0.223743      0.152340      0.070237      0.006133
   4      0.019536      0.013302      0.006133      0.000535
Cycle:    8 Delta P, Eelec, Etot:       0.0000014309     -4.0792414180     -2.9032920605
*** SCF Cycle ***           9
Current Fock matrix: F(  9)
   1     -1.148429     -1.372553     -0.694433     -0.815335
   2     -1.372553     -0.985916     -0.686649     -0.733417
   3     -0.694433     -0.686649     -0.424615     -0.684461
   4     -0.815335     -0.733417     -0.684461     -0.646077
Eigenvalues of this Matrix, i.e. orbital energies:
   1 -    4     -1.543168     -0.321894      0.460321      1.062777
Following set of orbital coefficients: C( 10)
   1     -0.596967     -0.406457     -0.187400     -0.016363
   2     -0.246889     -0.632878      0.399643      0.963699
   3      0.023577      0.074640      1.251622     -1.208294
   4     -1.167394      1.586071      0.062613     -0.636925
Resulting density matrix: P( 10)
   1      0.712739      0.485283      0.223743      0.019536
   2      0.485283      0.330415      0.152340      0.013302
   3      0.223743      0.152340      0.070237      0.006133
   4      0.019536      0.013302      0.006133      0.000535
Cycle:    9 Delta P, Eelec, Etot:       0.0000003151     -4.0792414180     -2.9032920605
SCF procedure converged, with final energy:     -2.9032920605
Converged orbital eigenvalues:
   1 -    4     -1.543168     -0.321894      0.460321      1.062777
Converged orbital coefficients (orbital by orbital):
   1     -0.596967     -0.406457     -0.187400     -0.016363
   2     -0.246889     -0.632878      0.399643      0.963699
   3      0.023577      0.074640      1.251622     -1.208294
   4     -1.167394      1.586071      0.062613     -0.636925
Final Fock matrix:
   1     -1.148429     -1.372553     -0.694433     -0.815335
   2     -1.372553     -0.985916     -0.686649     -0.733417
   3     -0.694433     -0.686649     -0.424615     -0.684461
   4     -0.815335     -0.733417     -0.684461     -0.646077
Final density matrix:
   1      0.712739      0.485283      0.223743      0.019536
   2      0.485283      0.330415      0.152340      0.013302
   3      0.223743      0.152340      0.070237      0.006133
   4      0.019536      0.013302      0.006133      0.000535
Overall Energy Gradient
He    0.00000000    0.00000000   -0.04194162
H     0.00000000    0.00000000    0.04194162
Contributions to the overall energy gradient:
Gradient due to the overlap (Lagrangian) term:
He    0.00000000    0.00000000    0.40234943
H     0.00000000    0.00000000   -0.40234943
Gradient due to the kinetic energy term:
He    0.00000000    0.00000000    0.21538556
H     0.00000000    0.00000000   -0.21538556
Gradient due to the electron-nucleus Coulomb energy term:
He    0.00000000    0.00000000   -1.62992016
H     0.00000000    0.00000000    1.62992016
Gradient due to the two-electron Coulomb repulsion term:
He    0.00000000    0.00000000    0.27881511
H     0.00000000    0.00000000   -0.27881511
Gradient due to the nuclear repulsion term:
He    0.00000000    0.00000000    0.69142845
H     0.00000000    0.00000000   -0.69142845
For control purposes: difference between sum of above 5 terms and total Gradient:
He    0.00000000    0.00000000    0.00000000
H     0.00000000    0.00000000    0.00000000
